! ASSY_TYPE VERSION 
! BEAVRS 16-08-2017
!GEOM
 geo_dim   17  17 22  1 1           !nasyx,nasyy,nz, nzbr, nztr     
 rad_conf
0	0	0	0	10	10	10	10	10	10	10	10	10	0	0	0	0
0	0	10	10	10	1	9	4	9	4	9	1	10	10	10	0	0
0	10	10	8	5	4	4	4	3	4	4	4	5	8	10	10	0
0	10	8	3	3	5	8	3	4	3	8	5	3	3	8	10	0
10	10	5	3	3	1	7	7	3	7	7	1	3	3	5	10	10
10	1	4	5	1	8	4	1	6	1	4	8	1	5	4	1	10
10	9	4	8	7	4	9	4	2	4	9	4	7	8	4	9	10
10	4	4	3	7	1	4	3	4	3	4	1	7	3	4	4	10
10	9	3	4	3	6	2	4	8	4	2	6	3	4	3	9	10
10	4	4	3	7	1	4	3	4	3	4	1	7	3	4	4	10
10	9	4	8	7	4	9	4	2	4	9	4	7	8	4	9	10
10	1	4	5	1	8	4	1	6	1	4	8	1	5	4	1	10
10	10	5	3	3	1	7	7	3	7	7	1	3	3	5	10	10
0	10	8	3	3	5	8	3	4	3	8	5	3	3	8	10	0
0	10	10	8	5	4	4	4	3	4	4	4	5	8	10	10	0
0	0	10	10	10	1	9	4	9	4	9	1	10	10	10	0	0
0	0	0	0	10	10	10	10	10	10	10	10	10	0	0	0	0
! 
! 0  0 0 0 10  10  10  10  10  10  10  10  10  0 0 0 0 
! 0  0 10  10  10  1 1 3 3 1 9 3 10  10  10  0 0 
! 0  10  10  1 4 8 9 1 1 4 2 1 1 3 10  10  0 
! 0  10  6 4 4 8 5 1 1 6 1 8 1 8 3 10  0 
! 10 10  3 5 1 9 1 1 1 5 1 1 1 4 3 10  10  
! 10 4 6 1 5 5 3 1 3 1 4 1 6 3 1 1 10  
! 10 4 4 5 4 1 3 1 5 8 5 1 5 3 1 4 10  
! 10 3 8 3 4 6 4 1 1 1 5 5 3 6 5 1 10  
! 10 8 1 5 1 3 3 4 1 1 1 1 4 1 1 6 10  
! 10 2 4 5 3 4 5 1 3 8 4 4 1 3 5 5 10  
! 10 4 3 1 4 4 2 1 4 4 5 1 8 3 1 1 10  
! 10 1 5 1 1 9 1 4 1 3 6 5 9 7 5 5 10  
! 10 10  5 5 4 4 1 5 1 5 1 5 4 5 8 10  10  
! 0  10  5 4 4 3 4 1 3 7 1 6 6 1 1 10  0 
! 0  10  10  9 3 2 9 5 6 5 3 4 3 1 10  10  0 
! 0  0 10  10  10  1 6 4 1 4 1 1 10  10  10  44  0 
! 0  0 0 0 10  10  10  10  10  10  10  10  10  0 0 0 0 
!
!
!
!  
 grid_x     17*21.50364 
 neutmesh_x 17*1
 grid_y     17*21.50364 
 neutmesh_y 17*1
! Axial nodalization
 grid_z     21.42  20*18.288 21.42 
! Boundary conditions
 boun_cond  1 1  1 1 1 1       !ibcw,ibce,ibcn,ibcs,ibcb,ibct
!
!****************************ASSEMBLY TYPE**************************************
! DEFINITION WITH PLANAR REGION IN OLDER FILE
!  PR_Assign  2 20*1 2	
!	Number	Bottom Refl	Fuel	Top Refl	Type		
 ASSY_TYPE	1	1*11	20*1	1*11	FUEL	!	FA01
 ASSY_TYPE	2	1*11	20*2	1*11	FUEL	!	FA02
 ASSY_TYPE	3	1*11	20*3	1*11	FUEL	!	FA03
 ASSY_TYPE	4	1*11	20*4	1*11	FUEL	!	FA04
 ASSY_TYPE	5	1*11	20*5	1*11	FUEL	!	FA05
 ASSY_TYPE	6	1*11	20*6	1*11	FUEL	!	FA06
 ASSY_TYPE	7	1*11	20*7	1*11	FUEL	!	FA07
 ASSY_TYPE	8	1*11	20*8	1*11	FUEL	!	FA08
 ASSY_TYPE	9	1*11	20*9	1*11	FUEL	!	FA09
 ASSY_TYPE	10	1*10	20*10	1*10	REFL	!	FA_REF
! ******************************************************************************  
!
! **************************CONTROL BANKS***************************************
! cr_axinfo 21.42  3.6576     !CR fully inserted position and step size
 cr_axinfo  30.492 1.58173    !CR fully inserted position and step size - 2017
 bank_conf
					0	0	0	0	0	0	0	0	0				
			0	0	0	0	0	0	0	0	0	0	0	0	0		
		0	0	0	5	0	2	0	3	0	2	0	5	0	0	0	
		0	0	0	0	8	0	6	0	6	0	7	0	0	0	0	
  0		0	5	0	4	0	0	0	9	0	0	0	4	0	5	0	0
  0		0	0	7	0	0	0	0	0	0	0	0	0	8	0	0	0
  0		0	2	0	0	0	3	0	1	0	3	0	0	0	2	0	0
  0		0	0	6	0	0	0	0	0	0	0	0	0	6	0	0	0
  0		0	3	0	9	0	1	0	4	0	1	0	9	0	3	0	0
  0		0	0	6	0	0	0	0	0	0	0	0	0	6	0	0	0
  0		0	2	0	0	0	3	0	1	0	3	0	0	0	2	0	0
  0		0	0	8	0	0	0	0	0	0	0	0	0	7	0	0	0
  0		0	5	0	4	0	0	0	9	0	0	0	4	0	5	0	0
		0	0	0	0	7	0	6	0	6	0	8	0	0	0	0	
		0	0	0	5	0	2	0	3	0	2	0	5	0	0	0	
			0	0	0	0	0	0	0	0	0	0	0	0	0		
					0	0	0	0	0	0	0	0	0	
! Radial locations at which the pin power calculation is to be performed, any nonzero value turns 
! on pin power calculation at that location
 pincal_loc 
                    0   0   0   0   0   0   0   0   0
            0   0   0   1   1   1   1   1   1   1   0   0   0
        0   0   1   1   1   1   1   1   1   1   1   1   1   0   0
        0   1   1   1   1   1   1   1   1   1   1   1   1   1   0
    0   0   1   1   1   1   1   1   1   1   1   1   1   1   1   0   0
    0   1   1   1   1   1   1   1   1   1   1   1   1   1   1   1   0
    0   1   1   1   1   1   1   1   1   1   1   1   1   1   1   1   0
    0   1   1   1   1   1   1   1   1   1   1   1   1   1   1   1   0
    0   1   1   1   1   1   1   1   1   1   1   1   1   1   1   1   0
    0   1   1   1   1   1   1   1   1   1   1   1   1   1   1   1   0
    0   1   1   1   1   1   1   1   1   1   1   1   1   1   1   1   0
    0   1   1   1   1   1   1   1   1   1   1   1   1   1   1   1   0
    0   0   1   1   1   1   1   1   1   1   1   1   1   1   1   0   0
        0   1   1   1   1   1   1   1   1   1   1   1   1   1   0
        0   0   1   1   1   1   1   1   1   1   1   1   1   0   0
            0   0   0   1   1   1   1   1   1   1   0   0   0
                    0   0   0   0   0   0   0   0   0
! ADF rotation
 adf_rot
                   0  0  0  0  0  0  0  0  0
             0  0  0  0  0  0  0  0  0  0  0  0  0
         0   0  0  0  0  0  0  0  0  0  0  0  0  0  0
         0   0  0  0  0  0  0  0  0  0  0  0  3  0  0
      0  0   0  0  0  0  0  0  0  0  0  0  0  0  0  0  0
      0  0   0  0  0  0  0  0  0  0  0  0  0  0  0  0  0
      0  1   0  0  0  0  0  0  0  0  0  0  0  0  0  3  0
      0  0   0  0  0  0  0  0  0  0  0  0  0  0  0  0  0
      0  1   0  0  0  0  0  0  0  0  0  0  0  0  0  3  0
      0  0   0  0  0  0  0  0  0  0  0  0  0  0  0  0  0
      0  1   0  0  0  0  0  0  0  0  0  0  0  0  0  3  0
      0  0   0  0  0  0  0  0  0  0  0  0  0  0  0  0  0
      0  0   0  0  0  0  0  0  0  0  0  0  0  0  0  0  0
         0   0  1  0  0  0  0  0  0  0  0  0  2  0  0
         0   0  0  0  0  0  0  0  0  0  0  0  0  0  0
             0  0  0  0  2  0  2  0  2  0  0  0  0
                   0  0  0  0  0  0  0  0  0
!
 CRB_DEF 1
   1 1 400.0
 CRB_TYPE 1 1 1 1 1 1 1 1 1  !all banks made of AIC
! 